,Psychiatrists,Nurses,Social_workers,Psychologists,Mental _hospitals,health_units,outpatient _facilities,day _treatment,residential_facilities,2016 Suicide Rates
0,0.231,0.098,,0.296,0.003,0.012,0.006,,,6.4
1,1.471,6.876,1.06,1.231,0.068,0.068,0.41,,0.445,5.6
2,0.057,0.66,0.022,0.179,0.011,,,,0.014,8.9
3,1.001,7.005,4.003,,1.001,,,,,0.5
4,21.705,,,222.572,0.937,1.071,1.72,,0.152,9.1
5,3.84,11.245,0.274,0.788,,0.069,1.371,0.034,,5.7
6,3.452,6.717,0.114,1.165,0.114,0.021,0.156,0.094,0.031,2.6
7,0.13,0.873,,0.124,0.001,0.035,0.055,,0.045,6.1
8,13.504,,,5.514,0.2,0.063,0.116,0.285,,21.4
9,1.392,3.34,,1.113,,1.948,2.227,0.278,0.278,5.9
10,0.508,0.127,,,,0.127,3.556,,,11.6
11,1.128,,,,0.075,0.009,0.009,,,12.9
12,3.165,34.948,6.608,12.368,0.069,0.115,1.491,,0.267,6.1
13,1.197,15.088,0.239,5.029,,0.479,2.634,0.718,0.479,4.5
14,7.203,17.736,0.78,1.867,0.167,0.307,0.307,5.935,1.783,7.9
15,0.039,0.635,0.011,0.022,,0.287,,,,14.8
16,0.387,0.277,,7.089,,0.006,1.134,,,5.9
17,0.007,0.021,0.007,,,0.007,0.007,,,15.5
18,6.97,1.88,,,0.023,0.175,0.839,0.315,1.171,9.7
19,1.835,0.0,,,1.988,0.222,0.292,,,7.0
20,0.08,0.5,0.02,0.02,,0.04,0.02,,,9.3
21,3.931,5.699,76.957,142.018,0.042,0.042,1.706,0.125,0.042,7.5
22,0.13,0.381,,,0.009,0.013,0.017,0.022,,23.0
23,11.095,41.856,1.298,4.367,0.165,0.519,3.093,0.803,,11.5
24,9.056,8.899,1.335,31.061,0.166,0.148,2.932,0.445,1.213,10.1
25,2.28,,0.294,7.598,,0.076,1.748,0.019,,10.5
26,0.458,0.056,0.019,7.662,0.025,0.173,0.242,3.01,,7.2
27,1.6,4.799,0.448,0.256,0.019,,0.031,0.011,,4.4
28,0.887,,0.301,2.075,0.032,0.253,0.729,,,13.5
29,,2.166,0.041,0.083,0.021,0.206,0.227,,,13.8
30,16.188,23.484,0.532,6.46,0.152,0.684,14.82,17.176,3.496,14.4
31,0.224,1.457,0.56,0.56,0.112,0.336,3.363,0.112,,5.5
32,0.259,0.518,0.104,0.777,0.052,,0.052,,,9.6
33,6.706,5.922,,2.328,0.228,0.076,0.683,0.101,,6.7
34,0.058,7.733,,0.065,0.011,1.095,2.378,0.018,0.015,8.7
35,5.803,12.748,3.459,8.781,0.027,0.33,1.346,1.319,6.178,3.8
36,1.872,0.936,2.808,,0.936,0.936,10.297,,,1.7
37,0.492,1.071,0.006,46.147,0.006,0.006,1.434,,0.006,2.9
38,0.025,,0.008,0.008,,0.008,,,,10.5
39,,0.791,0.169,0.113,0.056,,0.056,,,7.4
40,0.911,,,0.0,0.13,0.13,0.26,,,30.2
41,0.075,0.233,0.373,0.56,0.019,0.009,0.131,,,12.2
42,11.079,33.739,,2.484,,2.647,8.269,0.02,0.286,13.6
43,0.292,0.796,0.065,0.069,0.01,0.03,0.176,0.023,0.017,16.5
44,0.31,2.518,,0.175,0.019,0.104,,,,3.7
45,9.87,,,88.089,0.161,0.136,,,1.637,5.2
46,11.867,83.805,8.328,3.037,8.314,0.45,7.223,3.759,0.366,14.3
47,1.125,3.297,0.218,1.266,0.055,0.033,0.513,,,3.7
48,0.184,,,,0.002,0.032,0.068,,,5.6
49,1.688,7.365,,0.409,0.085,0.136,1.159,0.051,,9.1
50,0.044,6.401,1.4,,0.022,0.067,0.622,,,13.4
51,18.452,49.763,,15.86,0.136,0.682,3.922,,,25.7
52,0.058,0.314,0.05,0.062,0.021,0.045,,0.004,0.008,6.9
53,1.048,6.838,,1.029,0.013,0.153,0.316,3.118,,6.2
54,0.029,0.092,,0.011,,0.006,,,,8.9
55,0.207,2.239,0.53,3.459,0.029,0.006,0.126,0.079,0.012,5.2
56,4.031,4.199,0.101,0.101,0.034,0.47,0.067,,,13.3
57,8.278,18.307,1.114,,0.318,0.318,,,,7.9
58,0.839,2.451,0.646,0.575,0.032,0.08,0.371,0.101,0.069,3.1
59,0.046,,0.018,0.389,0.007,0.039,0.768,0.021,,8.4
60,0.384,0.321,0.013,,0.004,0.042,0.073,,,8.1
61,0.371,0.907,0.206,1.443,,0.082,0.082,,0.041,11.5
62,0.356,0.558,,0.523,0.021,0.063,0.112,,,9.6
63,28.54,75.132,,,,0.607,,,,11.6
64,0.014,0.126,0.028,0.019,,0.033,1.685,0.019,,9.0
65,48.04,,,73.522,0.577,0.481,1.308,0.885,,10.1
66,4.031,3.452,9.221,7.331,0.025,0.277,2.696,0.025,,4.4
67,2.948,5.995,,9.507,0.01,0.057,0.166,0.016,0.022,5.1
68,0.518,,,0.885,0.001,0.083,0.211,0.002,0.058,3.7
69,24.176,30.916,,16.346,0.125,0.261,3.207,0.716,,13.4
70,2.712,9.933,0.115,1.413,0.038,0.038,0.344,0.115,0.076,5.8
71,5.793,13.662,8.404,1.591,0.358,0.389,1.789,0.134,0.427,20.2
72,5.665,18.71,0.503,1.479,0.171,0.392,0.911,0.277,,8.0
73,0.06,1.376,0.172,0.387,0.017,0.396,0.404,,,11.0
74,0.564,50.788,0.564,,0.564,,19.751,,,7.3
75,1.548,1.548,1.548,,0.516,0.516,12.387,0.516,4.645,5.4
76,0.511,4.602,0.511,3.068,,0.511,0.511,,,3.1
77,1.321,10.66,3.955,2.034,0.079,0.013,0.507,,0.013,3.4
78,0.2,0.267,0.067,0.02,0.007,0.027,0.04,,0.027,11.8
79,2.134,8.534,,3.2,1.067,,2.134,1.067,1.067,8.3
80,4.191,,,,0.018,0.072,0.217,0.163,0.054,7.9
81,11.953,36.727,1.976,9.302,0.241,0.048,5.832,2.121,3.518,13.3
82,1.521,,,,0.116,0.072,0.11,,,12.8
83,0.025,0.017,,0.261,,0.008,0.008,,,6.1
84,0.368,1.068,0.801,1.068,0.016,0.016,2.263,,,2.4
85,1.392,1.497,,,0.035,0.129,0.164,,,3.3
86,0.721,7.418,0.836,1.749,0.028,0.151,1.302,0.007,,12.9
87,0.081,1.37,1.612,0.081,,0.081,6.527,,0.161,6.4
88,0.054,0.27,0.054,0.404,0.013,0.108,0.04,,0.04,16.6
89,2.821,16.923,,1.88,0.0,0.94,0.94,,,4.0
90,1.637,150.251,1.643,2.537,0.011,0.455,0.19,,0.174,7.2
91,0.082,2.242,0.037,0.037,0.002,0.032,0.942,,,20.0
92,6.93,,,,0.139,0.052,0.049,1.576,,18.5
93,1.649,4.37,0.36,0.765,0.011,0.055,0.524,,0.033,2.7
94,10.542,4.283,60.338,29.864,0.189,0.349,0.373,,,13.7
95,14.134,,,,0.321,0.699,,0.612,,16.5
96,2.612,9.214,,0.09,0.081,0.013,0.084,0.052,,7.4
97,0.378,4.535,0.378,0.756,,0.756,2.645,,,5.4
98,0.201,0.323,0.056,0.409,0.033,0.026,0.063,,,9.8
99,0.056,1.429,0.019,0.031,0.062,0.062,0.205,,0.019,11.3
100,0.095,3.486,0.634,0.057,0.025,0.025,0.057,0.006,0.051,19.1
